E	0        7
       4      14       0       0       3       7     4.56249608E-04    -1.00292325E-03     6.85196652E-01     6.85197538E-01    -5.55111512E-17 0.00000000E+00     0.00000000E+00     0.00000000E+00     0.00000000E+00
       4 1000060120	  0	  0	  3	  7     2.21038604E-17    -4.85884812E-17     3.31956255E-14     1.11748643E+01     1.24877592E+02 0.00000000E+00     0.00000000E+00     0.00000000E+00     0.00000000E+00
       2    5915       1       2       4       6     2.56280590E-02     4.56169798E-04     6.70213335E-01     6.85159048E-01     1.96000000E-02 2.13461529E+01    -5.62866470E+01     4.43721006E+02     1.80670726E-06
       1     -11       3       3       0       0    -3.92623002E-03     4.01121047E-02     1.53939210E-01     1.59128683E-01     5.10998950E-04 6.92454995E+07     1.23248714E+06     1.81087668E+09     6.17531483E-02
       1      11       3       3       0       0    -1.09145020E-02    -5.17948539E-02     1.97593209E-01     2.04560921E-01     5.10998950E-04 6.92454995E+07     1.23248714E+06     1.81087668E+09     6.17531483E-02
       1    5914       3       3       0       0     4.04687910E-02     1.21389190E-02     3.18680916E-01     3.21469443E-01    -5.55111512E-17 6.92454995E+07     1.23248714E+06     1.81087668E+09     6.17531483E-02
       2 1000060120	  1	  2	  0	  0    -2.51718094E-02    -1.45909305E-03     1.49833165E-02     1.11749028E+01     1.24877592E+02 2.13461529E+01    -5.62866470E+01     4.43721006E+02     1.80670726E-06
E	1        7
       4      14       0       0       3       6    -4.75852716E-03     4.87269266E-03     1.00232754E+00     1.00235068E+00     0.00000000E+00 0.00000000E+00     0.00000000E+00     0.00000000E+00     0.00000000E+00
       4    2212       0       0       3       6    -1.58119105E-18     1.61912662E-18     3.33059219E-16     9.38272088E-01     8.80354511E-01 0.00000000E+00     0.00000000E+00     0.00000000E+00     0.00000000E+00
       2    5915       1       2       4       7     7.03431073E-02    -2.49345618E-01    -2.26833786E-01     3.71718921E-01     1.96000000E-02 -2.43724828E+02     2.80501725E+02    -3.11822724E+02     1.78150503E-06
       1     -11       3       3       0       0    -1.03419145E-02    -1.49983585E-03     5.90764098E-03     1.20152422E-02     5.10998950E-04 5.18450100E+07    -1.83775890E+08    -1.67184498E+08     9.14041838E-03
       1      11       3       3       0       0     3.80009660E-02    -5.23955190E-02    -1.01696260E-01     1.20547726E-01     5.10998950E-04 5.18450100E+07    -1.83775890E+08    -1.67184498E+08     9.14041838E-03
       2    2212       1       2       0       0    -7.51016345E-02     2.54218311E-01     1.22916133E+00     1.56890385E+00     8.80354511E-01 -2.43724828E+02     2.80501725E+02    -3.11822724E+02     1.78150503E-06
       1    5914       3       3       0       0     4.26840559E-02    -1.95450264E-01    -1.31045166E-01     2.39155953E-01    -3.46944695E-18 5.18450100E+07    -1.83775890E+08    -1.67184498E+08     9.14041838E-03
